14.77
15.14
15.38
15.5
15.26
14.53
13.56
12.71
12.47
12.47
12.23
11.62
10.53
9.93
10.78
11.5
11.62
10.78
10.53
10.65
10.78
10.78
10.9
10.9
11.02
11.02
11.02
11.14
11.02
11.02
11.02
10.9
10.9
11.02
11.02
11.02
11.26
15.86
22.65
27.37
25.92
25.19
24.83
24.46
28.34
37.91
45.78
45.3
43.97
43.36
42.88
43.72
54.02
66.74
69.89
67.1
66.01
65.77
65.41
72.43
86.24
96.66
94.72
92.78
91.69
90.84
90.12
96.17
110.95
120.64
117.86
116.28
115.07
114.22
118.58
134.93
147.05
148.26
146.2
144.87
143.9
142.93
142.08
147.05
161.83
168.61
166.31
164.85
163.52
162.55
162.07
161.58
161.22
160.86
160.49
160.25
160.25
160.01
159.77
159.52
159.4
159.16
159.04
158.8
158.68
158.55
158.19
158.07
157.95
157.83
157.59
157.71
157.46
157.34
157.34
157.46
157.34
157.34
157.22
157.1
156.86
156.86
156.74
156.62
156.62
156.5
156.25
156.37
156.25
156.25
156.13
156.01
155.89
156.13
156.13
156.01
156.01
156.13
155.89
155.65
155.53
155.53
155.41
155.28
155.28
155.28
155.16
155.04
154.92
154.92
154.92
154.8
154.92
155.16
154.92
155.04
155.04
155.04
154.68
154.68
154.68
154.56
154.44
154.32
154.32
154.32
154.19
154.07
154.07
153.95
153.95
153.95
153.95
154.32
154.19
154.07
154.07
153.95
153.71
153.71
153.71
153.59
153.47
153.47
153.47
153.47
153.35
153.23
153.23
153.23
153.1
153.1
152.98
153.35
153.35
153.23
153.23
153.23
152.98
152.98
152.86
152.74
152.62
152.62
152.62
152.5
152.5
152.5
152.5
152.38
152.38
152.38
152.26
152.26
152.5
152.5
152.5
152.5
152.5
152.26
152.38
152.13
152.13
152.01
152.01
151.89
151.89
151.89
151.77
151.77
151.77
151.65
151.65
151.53
151.77
151.89
151.77
151.77
151.77
151.53
151.53
151.53
151.41
151.29
151.29
151.17
151.04
151.04
150.92
150.92
150.68
150.44
150.32
150.2
150.08
150.32
150.08
149.95
149.71
149.59
149.35
149.23
148.99
148.86
148.62
148.5
148.38
148.14
148.02
147.9
147.77
147.53
147.53
147.29
147.05
147.17
147.29
147.05
146.93
146.81
146.68
146.44
146.2
145.96
145.84
145.72
145.47
145.35
145.23
144.99
144.99
144.75
144.62
144.5
144.26
144.26
144.5
144.26
144.14
144.02
143.9
143.53
143.53
143.29
143.05
142.81
142.69
142.57
142.32
142.2
141.96
141.84
141.6
141.35
141.23
141.23
141.35
141.23
140.99
140.99
140.75
140.39
140.14
139.9
139.78
139.42
139.3
139.05
138.93
138.69
138.57
138.45
138.2
137.96
137.96
138.08
138.08
137.96
137.72
137.72
137.36
136.99
136.87
136.63
136.39
136.27
136.02
135.78
135.66
135.42
135.3
135.06
134.93
134.81
134.69
135.06
134.93
134.81
134.69
134.45
133.97
133.84
133.72
133.36
133.12
133
132.75
132.63
132.51
132.27
132.15
131.91
131.79
131.91
132.15
132.03
132.03
131.91
131.66
131.18
130.94
130.69
130.57
130.33
130.09
129.85
129.73
129.6
129.36
129.12
129.12
129.48
129.73
129.73
129.73
129.6
129.24
128.76
128.51
128.15
127.91
127.79
127.55
127.3
127.18
127.06
126.94
126.94
127.42
127.67
127.79
127.91
127.79
127.18
126.94
126.46
125.97
125.73
125.49
125.24
125.12
125
124.76
124.52
124.52
125.12
125.61
125.73
125.85
125.85
125.49
125
124.64
124.15
123.55
123.31
123.18
122.94
122.82
122.58
122.34
122.22
122.82
123.43
123.55
123.67
123.79
123.67
123.43
122.94
122.46
121.85
121.49
121.13
121
120.76
120.52
120.4
120.76
121.49
121.73
122.09
122.46
122.22
121.97
121.49
120.88
120.16
119.67
119.31
119.07
118.95
118.7
118.46
118.46
119.19
119.79
120.04
120.52
120.76
120.4
119.79
119.31
118.7
118.22
117.61
117.37
117.13
116.89
116.64
116.4
116.28
116.89
117.61
117.98
118.58
118.82
118.46
117.98
117.37
116.89
116.28
115.8
115.43
115.19
114.95
114.71
114.46
114.22
114.22
114.83
115.55
115.92
116.4
116.64
116.28
115.67
115.19
114.58
114.1
113.74
113.37
113.13
112.89
112.65
112.4
112.28
112.04
112.65
113.49
113.74
114.22
114.46
114.1
113.74
113.01
112.53
112.04
111.68
111.56
111.19
111.07
110.83
110.59
110.47
110.22
110.34
110.95
111.56
111.92
112.28
112.4
111.92
111.31
110.83
110.34
109.98
109.62
109.38
109.13
108.89
108.65
108.53
108.16
108.16
107.92
108.41
109.13
109.38
109.86
109.98
109.62
109.13
108.65
108.16
107.68
107.44
107.2
106.95
106.83
106.59
106.35
106.23
105.98
105.98
105.98
106.59
107.07
107.44
107.68
107.68
107.2
106.59
105.98
105.5
105.26
105.14
104.89
104.77
104.53
104.41
104.17
104.05
103.93
103.68
103.8
104.41
104.89
105.14
105.38
105.26
104.77
104.29
103.8
103.32
103.08
102.96
102.83
102.59
102.35
102.23
101.99
101.74
101.62
101.62
101.38
101.99
102.47
102.71
103.08
102.96
102.59
102.23
101.74
101.38
100.9
100.78
100.65
100.41
100.17
100.17
99.93
99.69
99.69
99.44
99.93
100.41
100.9
101.14
101.02
100.78
100.17
99.93
99.56
99.2
98.84
98.6
98.47
98.47
98.23
98.23
97.99
97.87
97.99
98.84
99.32
99.69
99.93
99.81
99.32
98.96
98.6
98.35
97.99
97.63
97.26
97.02
96.78
96.78
96.54
96.41
96.29
96.41
97.38
97.87
98.23
98.35
98.11
97.75
97.38
97.14
96.78
96.41
96.17
95.81
95.32
95.2
94.96
94.96
94.72
94.6
94.96
95.81
96.41
96.66
96.54
96.29
95.93
95.57
95.32
95.2
94.84
94.48
94.11
93.87
93.63
93.39
93.14
93.14
93.75
94.6
95.08
95.2
95.08
94.84
94.48
94.23
93.99
93.75
93.39
93.14
92.66
92.3
92.05
91.81
91.69
91.45
91.57
92.42
93.27
93.63
93.51
93.39
93.02
92.78
92.54
92.42
92.05
91.69
91.33
91.09
90.72
90.48
90.24
90
89.87
89.75
90.72
91.33
91.81
91.81
91.69
91.45
91.09
90.96
90.72
90.48
90.12
89.75
89.51
89.27
89.03
88.78
88.42
88.3
89.03
89.75
90.36
90.48
90.48
90
89.75
89.63
89.39
89.15
88.9
88.54
88.3
87.94
87.69
87.45
87.09
86.97
87.09
88.18
88.78
89.03
89.03
88.9
88.54
88.3
88.18
87.94
87.69
87.45
87.09
86.85
86.48
86.36
86
85.88
85.63
85.51
86.48
87.21
87.57
87.57
87.45
87.09
86.97
86.72
86.6
86.36
86
85.76
85.51
85.27
85.03
84.79
84.54
84.3
84.54
85.51
86
86.24
86.36
86
85.76
85.51
85.39
85.15
84.91
84.67
84.3
84.18
83.82
83.7
83.45
83.09
82.85
83.09
84.18
84.67
84.91
84.91
84.79
84.42
84.18
83.94
83.82
83.7
83.33
83.09
82.73
82.61
82.36
82.12
81.76
81.52
81.27
81.64
82.61
83.21
83.45
83.33
83.21
82.85
82.73
82.48
82.36
82.24
81.88
81.52
81.27
81.03
80.79
80.55
80.3
80.06
80.55
81.39
82
82.12
82
81.88
81.64
81.52
81.27
81.15
80.79
80.55
80.3
79.94
79.82
79.58
79.34
79.09
78.73
78.85
79.7
80.43
80.79
80.79
80.67
80.3
80.06
80.06
79.82
79.7
79.34
79.09
78.85
78.61
78.37
78.12
77.88
77.64
77.4
77.4
78.37
78.97
79.34
79.34
79.34
78.97
78.85
78.73
78.49
78.37
78.12
77.88
77.64
77.4
77.16
76.91
76.67
76.43
76.19
76.55
77.52
78
78.12
78.25
78
77.76
77.64
77.4
77.4
77.03
76.79
76.55
76.43
76.19
75.94
75.7
75.34
75.22
74.97
75.1
76.19
76.67
76.79
76.91
76.79
76.55
76.43
76.19
76.06
75.82
75.58
75.46
75.22
74.97
74.85
74.49
74.37
74.13
74.01
74.49
75.22
75.58
75.7
75.58
75.46
75.22
75.22
74.97
74.97
74.61
74.49
74.25
74.01
73.88
73.64
73.52
73.28
73.04
73.04
73.88
74.37
74.61
74.73
74.61
74.37
74.25
74.13
73.88
73.76
73.52
73.4
73.16
72.92
72.79
72.55
72.31
72.07
71.95
71.83
72.55
73.04
73.28
73.52
73.4
73.28
73.04
72.92
72.79
72.55
72.31
72.19
72.07
71.83
71.7
71.46
71.34
70.98
70.86
70.74
71.46
71.95
72.19
72.31
72.19
72.07
71.95
71.83
71.58
71.46
71.34
71.1
70.86
70.74
70.49
70.37
70.13
70.01
69.77
69.52
70.13
70.86
71.1
71.22
71.22
71.1
70.86
70.74
70.61
70.37
70.25
70.01
69.89
69.65
69.52
69.28
69.16
68.92
68.8
68.68
68.68
69.52
69.77
69.89
70.01
69.89
69.65
69.65
69.52
69.28
69.16
69.04
68.92
68.68
68.55
68.31
68.19
68.07
67.83
67.71
67.95
68.55
68.92
69.16
69.16
69.16
68.8
68.68
68.55
68.43
68.31
68.19
67.95
67.71
67.59
67.46
67.22
66.98
66.98
66.74
66.86
67.46
67.83
67.95
67.95
68.07
67.83
67.71
67.59
67.34
67.34
67.22
66.98
66.74
66.74
66.5
66.25
66.13
66.01
65.89
65.77
66.37
66.74
66.86
66.98
66.98
66.86
66.62
66.62
66.5
66.25
66.13
66.01
65.89
65.65
65.53
65.41
65.28
65.04
64.92
65.28
65.77
66.01
66.13
66.13
66.01
65.89
65.89
65.77
65.53
65.28
65.16
65.04
64.92
64.8
64.56
64.44
64.32
64.19
64.07
64.56
64.92
65.04
65.28
65.28
65.04
64.92
64.8
64.8
64.56
64.56
64.32
64.19
64.07
63.95
63.71
63.59
63.47
63.35
63.1
63.59
63.95
64.07
64.07
64.07
63.95
63.95
63.83
63.71
63.59
63.47
63.35
63.1
62.98
62.86
62.74
62.62
62.5
62.38
62.62
62.98
63.23
63.35
63.35
63.23
63.1
63.1
62.86
62.74
62.62
62.5
62.26
62.13
62.01
61.89
61.77
61.65
61.41
61.41
61.89
62.13
62.26
62.26
62.38
62.13
62.13
62.01
61.89
61.65
61.53
61.41
61.29
61.17
61.04
60.92
60.8
60.68
60.44
60.68
60.92
61.17
61.29
61.17
61.17
61.04
61.04
60.8
60.8
60.68
60.56
60.44
60.2
60.08
60.08
59.83
59.71
59.59
59.71
60.08
60.32
60.32
60.32
60.32
60.2
60.08
59.95
59.83
59.71
59.59
59.47
59.23
59.11
58.99
58.86
58.74
58.5
58.5
58.99
59.11
59.23
59.23
59.23
59.11
58.99
58.99
58.74
58.74
58.62
58.5
58.38
58.26
58.02
58.02
57.77
57.65
57.53
57.9
58.14
58.38
58.38
58.38
58.38
58.14
58.14
58.02
57.9
57.77
57.53
57.41
57.29
57.29
57.17
56.93
56.81
56.81
57.05
57.41
57.41
57.53
57.53
57.41
57.29
57.29
57.05
57.05
56.81
56.81
56.56
56.44
56.32
56.32
56.08
55.96
55.84
55.84
56.2
56.32
56.56
56.56
56.44
56.32
56.32
56.2
56.08
56.08
55.84
55.72
55.59
55.59
55.47
55.35
55.11
55.11
55.23
55.47
55.59
55.72
55.59
55.72
55.47
55.35
55.23
55.23
55.11
54.99
54.87
54.75
54.75
54.62
54.5
57.05
60.08
60.56
60.8
60.56
60.2
59.95
59.35
58.62
57.65
57.05
56.44
55.96
55.59
55.23
54.99
54.99
54.87
54.87
54.62
54.5
54.38
54.75
54.99
54.99
55.11
54.99
54.87
54.87
54.87
54.75
54.62
54.5
54.38
54.38
54.14
54.14
54.02
53.9
53.9
54.02
54.26
54.38
54.38
54.38
54.26
54.14
54.14
54.02
53.9
53.9
53.66
53.66
53.41
53.29
53.29
53.05
52.93
52.81
53.17
53.29
53.53
53.53
53.41
53.41
53.29
53.29
53.17
53.05
52.93
52.93
52.81
52.69
52.57
52.44
52.32
52.2
52.2
52.44
52.69
52.69
52.69
52.69
52.57
52.44
52.44
52.32
52.2
51.96
51.96
51.84
51.72
51.6
51.48
51.48
51.23
51.35
51.48
51.72
51.72
51.72
51.72
51.6
51.6
51.48
51.35
51.23
51.23
50.99
50.87
50.75
50.63
50.51
50.39
50.26
50.14
50.51
50.63
50.63
50.75
50.75
50.63
50.51
50.51
50.51
50.39
50.26
50.14
50.02
49.9
49.78
49.66
49.54
49.42
49.42
49.3
49.78
49.78
49.78
49.78
49.78
49.66
49.66
49.54
49.54
49.3
49.3
49.17
49.05
48.93
48.81
48.69
48.57
48.57
48.33
48.81
48.93
48.93
49.05
48.93
48.81
48.81
48.81
48.93
48.93
49.3
49.54
49.54
49.3
49.3
49.3
49.3
49.17
49.3
49.54
49.78
50.02
49.66
49.05
48.08
47.36
46.75
45.9
44.57
43.12
41.54
40.09
38.76
37.67
36.33
35.24
33.91
32.82
32.09
31.37
30.28
29.67
29.79
33.06
36.09
38.03
39.24
40.21
40.21
39.36
37.91
35
31.73
29.43
27.73
26.52
26.28
25.31
24.34
23.98
23.37
22.4
21.31
20.47
19.62
18.77
17.8
17.07
16.47
15.74
15.26
14.65
14.05
13.44
13.08
12.71
12.23
11.99
11.5
11.26
10.78
10.53
10.17
9.81
9.56
9.32
9.08
8.96
8.6
8.47
8.35
8.11
7.99
7.75
7.63
7.51
7.38
7.26
7.14
6.9
6.78
6.66
6.41
6.41
6.17
6.05
5.93
5.81
5.69
5.69
5.45
5.32
5.32
5.2
5.08
4.96
4.96
4.84
4.72
4.72
4.6
4.6
4.48
4.48
4.36
4.23
4.11
4.11
3.99
3.99
3.87
3.87
3.75
3.75
3.75
3.63
3.63
3.51
3.51
3.51
3.39
3.27
3.27
3.27
3.14
3.14
3.14
3.02
3.02
3.02
2.9
2.9
2.9
2.78
2.9
2.78
